255 255 255 255 255 255 255 255 255 255 255 255 255 255 255 255
255 255 255 255 255 255 255 255 255 255 255 255 255 255 255 255
255 255   0   0   0   0   0   0   0   0   0   0   0   0 255 255
255 255   0   0   0   0   0   0   0   0   0   0   0   0 255 255
255 255   0   0   0   0   0   0   0   0   0   0   0   0 255 255
255 255   0   0   0 222 222 222 222 222 222   0   0   0 255 255
255 255   0   0   0 222 222 222 222 222 222   0   0   0 255 255
255 255   0   0   0 222 222 222 222 222 222   0   0   0 255 255
255 255   0   0   0 222 222 222 222 222 222   0   0   0 255 255
255 255   0   0   0  92 222 213  94 222 222   0   0   0 255 255
255 255   0   0   0 222  92 221  92 223 223   0   0   0 255 255
255 255   0   0   0   0   0   0   0   0   0   0   0   0 255 255
255 255   0   0   0   0   0   0   0   0   0   0   0   0 255 255
255 255   0   0   0   0   0   0   0   0   0   0   0   0 255 255
255 255 255 255 255 255 255 255 255 255 255 255 255 255 255 255
255 255 255 255 255 255 255 255 255 255 255 255 255 255 255 255
255 255 255 255 255 255 255 255 255 255 255 255 255 255 255 255
255 255 255 255 255 255 255 255 255 255 255 255 255 255 255 255
255 255   0   0   0   0   0   0   0   0   0   0   0   0 255 255
255 255   0   0   0   0   0   0   0   0   0   0   0   0 255 255
255 255   0   0   0   0   0   0   0   0   0   0   0   0 255 255
255 255   0   0   0 222 222 222 222 222 222   0   0   0 255 255
255 255   0   0   0 222 222 222 222 222 222   0   0   0 255 255
255 255   0   0   0 222 222 222 222 222 222   0   0   0 255 255
255 255   0   0   0 222 222 222 222 222 222   0   0   0 255 255
255 255   0   0   0  92 222 213  94 215 222   0   0   0 255 255
255 255   0   0   0 222  92 221  92 188 185   0   0   0 255 255
255 255   0   0   0   0   0   0   0   0   0   0   0   0 255 255
255 255   0   0   0   0   0   0   0   0   0   0   0   0 255 255
255 255   0   0   0   0   0   0   0   0   0   0   0   0 255 255
255 255 255 255 255 255 255 255 255 255 255 255 255 255 255 255
255 255 255 255 255 255 255 255 255 255 255 255 255 255 255 255
255 255 255 255 255 255 255 255 255 255 255 255 255 255 255 255
255 255 255 255 255 255 255 255 255 255 255 255 255 255 255 255
255 255   0   0   0   0   0   0   0   0   0   0   0   0 255 255
255 255   0   0   0   0   0   0   0   0   0   0   0   0 255 255
255 255   0   0   0   0   0   0   0   0   0   0   0   0 255 255
255 255   0   0   0 222 222 222 222 222 222   0   0   0 255 255
255 255   0   0   0 222 222 222 222 222 222   0   0   0 255 255
255 255   0   0   0 222 222 222 222 222 222   0   0   0 255 255
255 255   0   0   0 222 222 222 222 222 222   0   0   0 255 255
255 255   0   0   0  92 222 213  94 203 222   0   0   0 255 255
255 255   0   0   0 222  92 221  92 139 130   0   0   0 255 255
255 255   0   0   0   0   0   0   0   0   0   0   0   0 255 255
255 255   0   0   0   0   0   0   0   0   0   0   0   0 255 255
255 255   0   0   0   0   0   0   0   0   0   0   0   0 255 255
255 255 255 255 255 255 255 255 255 255 255 255 255 255 255 255
255 255 255 255 255 255 255 255 255 255 255 255 255 255 255 255

255 255 255 255 255 255 255 255 255 255 255 255 255 255 255 255
255 214 153 153 153 153 153 153 153 153 153 153 153 153 214 255
255 153   0   0   0   0   0   0   0   0   0   0   0   0 153 255
255 153   0   0   0   0   0   0   0   0   0   0   0   0 153 255
255 153   0   0   9  44  44  44  44  44  44   9   0   0 153 255
255 153   0   0  44 222 222 222 222 222 222  44   0   0 153 255
255 153   0   0  44 222 222 222 222 222 222  44   0   0 153 255
255 153   0   0  44 222 222 222 208 169 181  44   0   0 153 255
255 153   0   0  44 222 222 222 188 137 185  44   0   0 153 255
255 153   0   0  44 222 222 222 218 177 178  44   0   0 153 255
255 153   0   0  44 222 222 222 207 157 172  44   0   0 153 255
255 153   0   0   9  44  44  44  44  44  42   9   0   0 153 255
255 153   0   0   0   0   0   0   0   0   0   0   0   0 153 255
255 153   0   0   0   0   0   0   0   0   0   0   0   0 153 255
255 214 153 153 153 153 153 153 153 153 153 153 153 153 214 255
255 255 255 255 255 255 255 255 255 255 255 255 255 255 255 255
255 255 255 255 255 255 255 255 255 255 255 255 255 255 255 255
255 214 153 153 153 153 153 153 153 153 153 153 153 153 214 255
255 153   0   0   0   0   0   0   0   0   0   0   0   0 153 255
255 153   0   0   0   0   0   0   0   0   0   0   0   0 153 255
255 153   0   0   9  44  44  44  44  44  44   9   0   0 153 255
255 153   0   0  44 222 222 222 222 203 186  44   0   0 153 255
255 153   0   0  44 222 222 222 222 207 192  41   0   0 153 255
255 153   0   0  44 222 222 222 208 169 179  44   0   0 153 255
255 153   0   0  44 222 222 222 188 137 185  44   0   0 153 255
255 153   0   0  44 222 222 222 218 177 178  44   0   0 153 255
255 153   0   0  44 222 222 222 207 157 172  44   0   0 153 255
255 153   0   0   9  44  44  44  44  44  42   9   0   0 153 255
255 153   0   0   0   0   0   0   0   0   0   0   0   0 153 255
255 153   0   0   0   0   0   0   0   0   0   0   0   0 153 255
255 214 153 153 153 153 153 153 153 153 153 153 153 153 214 255
255 255 255 255 255 255 255 255 255 255 255 255 255 255 255 255
255 255 255 255 255 255 255 255 255 255 255 255 255 255 255 255
255 214 153 153 153 153 153 153 153 153 153 153 153 153 214 255
255 153   0   0   0   0   0   0   0   0   0   0   0   0 153 255
255 153   0   0   0   0   0   0   0   0   0   0   0   0 153 255
255 153   0   0   9  44  44  44  44  44  44   9   0   0 153 255
255 153   0   0  44 222 222 222 222 176 135  44   0   0 153 255
255 153   0   0  44 222 222 222 222 186 149  35   0   0 153 255
255 153   0   0  44 222 222 222 208 169 177  44   0   0 153 255
255 153   0   0  44 222 222 222 188 137 185  44   0   0 153 255
255 153   0   0  44 222 222 222 218 177 178  44   0   0 153 255
255 153   0   0  44 222 222 222 207 157 172  44   0   0 153 255
255 153   0   0   9  44  44  44  44  44  42   9   0   0 153 255
255 153   0   0   0   0   0   0   0   0   0   0   0   0 153 255
255 153   0   0   0   0   0   0   0   0   0   0   0   0 153 255
255 214 153 153 153 153 153 153 153 153 153 153 153 153 214 255
255 255 255 255 255 255 255 255 255 255 255 255 255 255 255 255

255 255 255 255 255 255 255 255 255 255 255 255 255 255 255 255
255 214 153 153 153 153 153 153 153 153 153 153 153 153 214 255
255 153   0   0   0   0   0   0   0   0   0   0   0   0 153 255
255 153   0   0   0   0   0   0   0   0   0   0   0   0 153 255
255 153   0   0   9  44  44  44  44  44  44   9   0   0 153 255
255 153   0   0  44 222 222 181 185 178 172  42   0   0 153 255
255 153   0   0  44 222 222 169 137 177 157  44   0   0 153 255
255 153   0   0  44 222 222 208 188 218 207  44   0   0 153 255
255 153   0   0  44 222 222 222 222 222 222  44   0   0 153 255
255 153   0   0  44 222 222 222 222 222 222  44   0   0 153 255
255 153   0   0  44 222 222 222 222 222 222  44   0   0 153 255
255 153   0   0   9  44  44  44  44  44  44   9   0   0 153 255
255 153   0   0   0   0   0   0   0   0   0   0   0   0 153 255
255 153   0   0   0   0   0   0   0   0   0   0   0   0 153 255
255 214 153 153 153 153 153 153 153 153 153 153 153 153 214 255
255 255 255 255 255 255 255 255 255 255 255 255 255 255 255 255
255 255 255 255 255 255 255 255 255 255 255 255 255 255 255 255
255 214 153 153 153 153 153 153 153 153 153 153 153 153 214 255
255 153   0   0   0   0   0   0   0   0   0   0   0   0 153 255
255 153   0   0   0   0   0   0   0   0   0   0   0   0 153 255
255 153   0   0   9  44  41  44  44  44  44   9   0   0 153 255
255 153   0   0  44 186 192 179 185 178 172  42   0   0 153 255
255 153   0   0  44 203 207 169 137 177 157  44   0   0 153 255
255 153   0   0  44 222 222 208 188 218 207  44   0   0 153 255
255 153   0   0  44 222 222 222 222 222 222  44   0   0 153 255
255 153   0   0  44 222 222 222 222 222 222  44   0   0 153 255
255 153   0   0  44 222 222 222 222 222 222  44   0   0 153 255
255 153   0   0   9  44  44  44  44  44  44   9   0   0 153 255
255 153   0   0   0   0   0   0   0   0   0   0   0   0 153 255
255 153   0   0   0   0   0   0   0   0   0   0   0   0 153 255
255 214 153 153 153 153 153 153 153 153 153 153 153 153 214 255
255 255 255 255 255 255 255 255 255 255 255 255 255 255 255 255
255 255 255 255 255 255 255 255 255 255 255 255 255 255 255 255
255 214 153 153 153 153 153 153 153 153 153 153 153 153 214 255
255 153   0   0   0   0   0   0   0   0   0   0   0   0 153 255
255 153   0   0   0   0   0   0   0   0   0   0   0   0 153 255
255 153   0   0   9  44  35  44  44  44  44   9   0   0 153 255
255 153   0   0  44 135 149 177 185 178 172  42   0   0 153 255
255 153   0   0  44 176 186 169 137 177 157  44   0   0 153 255
255 153   0   0  44 222 222 208 188 218 207  44   0   0 153 255
255 153   0   0  44 222 222 222 222 222 222  44   0   0 153 255
255 153   0   0  44 222 222 222 222 222 222  44   0   0 153 255
255 153   0   0  44 222 222 222 222 222 222  44   0   0 153 255
255 153   0   0   9  44  44  44  44  44  44   9   0   0 153 255
255 153   0   0   0   0   0   0   0   0   0   0   0   0 153 255
255 153   0   0   0   0   0   0   0   0   0   0   0   0 153 255
255 214 153 153 153 153 153 153 153 153 153 153 153 153 214 255
255 255 255 255 255 255 255 255 255 255 255 255 255 255 255 255

255 255 255 255 255 255 255 255 255 255 255 255 255 255 255 255
255 214 153 153 153 153 153 153 153 153 153 153 153 153 214 255
255 153   0   0   0   0   0   0   0   0   0   0   0   0 153 255
255 153   0   0   0   0   0   0   0   0   0   0   0   0 153 255
255 153   0   0   9  42  44  44  44  44  44   9   0   0 153 255
255 153   0   0  44 172 157 207 222 222 222  44   0   0 153 255
255 153   0   0  44 178 177 218 222 222 222  44   0   0 153 255
255 153   0   0  44 185 137 188 222 222 222  44   0   0 153 255
255 153   0   0  44 181 169 208 222 222 222  44   0   0 153 255
255 153   0   0  44 222 222 222 222 222 222  44   0   0 153 255
255 153   0   0  44 222 222 222 222 222 222  44   0   0 153 255
255 153   0   0   9  44  44  44  44  44  44   9   0   0 153 255
255 153   0   0   0   0   0   0   0   0   0   0   0   0 153 255
255 153   0   0   0   0   0   0   0   0   0   0   0   0 153 255
255 214 153 153 153 153 153 153 153 153 153 153 153 153 214 255
255 255 255 255 255 255 255 255 255 255 255 255 255 255 255 255
255 255 255 255 255 255 255 255 255 255 255 255 255 255 255 255
255 214 153 153 153 153 153 153 153 153 153 153 153 153 214 255
255 153   0   0   0   0   0   0   0   0   0   0   0   0 153 255
255 153   0   0   0   0   0   0   0   0   0   0   0   0 153 255
255 153   0   0   9  42  44  44  44  44  44   9   0   0 153 255
255 153   0   0  44 172 157 207 222 222 222  44   0   0 153 255
255 153   0   0  44 178 177 218 222 222 222  44   0   0 153 255
255 153   0   0  44 185 137 188 222 222 222  44   0   0 153 255
255 153   0   0  44 179 169 208 222 222 222  44   0   0 153 255
255 153   0   0  41 192 207 222 222 222 222  44   0   0 153 255
255 153   0   0  44 186 203 222 222 222 222  44   0   0 153 255
255 153   0   0   9  44  44  44  44  44  44   9   0   0 153 255
255 153   0   0   0   0   0   0   0   0   0   0   0   0 153 255
255 153   0   0   0   0   0   0   0   0   0   0   0   0 153 255
255 214 153 153 153 153 153 153 153 153 153 153 153 153 214 255
255 255 255 255 255 255 255 255 255 255 255 255 255 255 255 255
255 255 255 255 255 255 255 255 255 255 255 255 255 255 255 255
255 214 153 153 153 153 153 153 153 153 153 153 153 153 214 255
255 153   0   0   0   0   0   0   0   0   0   0   0   0 153 255
255 153   0   0   0   0   0   0   0   0   0   0   0   0 153 255
255 153   0   0   9  42  44  44  44  44  44   9   0   0 153 255
255 153   0   0  44 172 157 207 222 222 222  44   0   0 153 255
255 153   0   0  44 178 177 218 222 222 222  44   0   0 153 255
255 153   0   0  44 185 137 188 222 222 222  44   0   0 153 255
255 153   0   0  44 177 169 208 222 222 222  44   0   0 153 255
255 153   0   0  35 149 186 222 222 222 222  44   0   0 153 255
255 153   0   0  44 135 176 222 222 222 222  44   0   0 153 255
255 153   0   0   9  44  44  44  44  44  44   9   0   0 153 255
255 153   0   0   0   0   0   0   0   0   0   0   0   0 153 255
255 153   0   0   0   0   0   0   0   0   0   0   0   0 153 255
255 214 153 153 153 153 153 153 153 153 153 153 153 153 214 255
255 255 255 255 255 255 255 255 255 255 255 255 255 255 255 255
